[160.90625, -91.9566421508789, 43.01198196411133]
[160.95474243164062, -91.90921020507812, 43.00384521484375]
[161.16139221191406, -91.70764923095703, 43.04139709472656]
[161.449462890625, -91.43960571289062, 43.02739715576172]
[161.8175811767578, -91.09205627441406, 43.03196334838867]
[162.2339630126953, -90.7037353515625, 43.038421630859375]
[162.73292541503906, -90.25521850585938, 43.04042434692383]
[163.28866577148438, -89.75550079345703, 43.045448303222656]
[163.8926544189453, -89.22459411621094, 43.047183990478516]
[164.54222106933594, -88.66075134277344, 43.0421028137207]
[165.23699951171875, -88.06422424316406, 43.047096252441406]
[165.976806640625, -87.43505096435547, 43.050865173339844]
[166.77122497558594, -86.77043151855469, 43.04997634887695]
[167.46461486816406, -86.19276428222656, 43.05165481567383]
[168.37413024902344, -85.43357849121094, 43.055233001708984]
[169.3327178955078, -84.62481689453125, 43.056583404541016]
[170.13333129882812, -83.94568634033203, 43.059669494628906]
[171.17877197265625, -83.0452880859375, 43.06490707397461]
[172.2618865966797, -82.09144592285156, 43.06417465209961]
[173.3815155029297, -81.08478546142578, 43.0552978515625]
[174.5316925048828, -80.02423095703125, 43.05007553100586]
[175.69650268554688, -78.90699005126953, 43.034549713134766]
[176.88719177246094, -77.73664093017578, 43.029151916503906]
[177.85353088378906, -76.76569366455078, 43.01548767089844]
[179.0678253173828, -75.50064086914062, 43.01582717895508]
[180.29864501953125, -74.19217681884766, 42.9966926574707]
[181.56239318847656, -72.84867858886719, 42.98600769042969]
[182.58470153808594, -71.74998474121094, 42.975521087646484]
[183.89674377441406, -70.35689544677734, 42.9610595703125]
[184.977783203125, -69.2333984375, 42.95378494262695]
[186.0785675048828, -68.0981674194336, 42.957916259765625]
[187.48773193359375, -66.66920471191406, 42.95856475830078]
[188.90524291992188, -65.25238037109375, 42.95965576171875]
[190.03671264648438, -64.12775421142578, 42.93836212158203]
[191.19558715820312, -62.99464416503906, 42.92261505126953]
[192.65182495117188, -61.55923843383789, 42.92724609375]
[194.15782165527344, -60.04041290283203, 42.940269470214844]
[195.68080139160156, -58.47849655151367, 42.960121154785156]
[197.20989990234375, -56.879302978515625, 42.95802307128906]
[198.74331665039062, -55.25396728515625, 42.95791244506836]
[200.291748046875, -53.610897064208984, 42.95841598510742]
[201.8635711669922, -51.9604377746582, 42.9589729309082]
[203.46592712402344, -50.30994415283203, 42.95936965942383]
[205.10137939453125, -48.66310119628906, 42.95942306518555]
[206.43136596679688, -47.348106384277344, 42.959171295166016]
[208.11578369140625, -45.70166015625, 42.958534240722656]
[209.81529235839844, -44.04497146606445, 42.95800018310547]
[211.5220947265625, -42.37415313720703, 42.957950592041016]
[213.23695373535156, -40.6924934387207, 42.9585075378418]
[214.9686279296875, -39.011985778808594, 42.94780349731445]
[216.38519287109375, -37.67890167236328, 42.93867874145508]
[218.18663024902344, -36.035400390625, 42.927608489990234]
[220.0460968017578, -34.44063949584961, 42.92917251586914]
[221.9763641357422, -32.914764404296875, 42.91960525512695]
[223.58206176757812, -31.758209228515625, 42.90945053100586]
[225.6630401611328, -30.40705108642578, 42.88198471069336]
[227.83595275878906, -29.188024520874023, 42.861080169677734]
[230.09349060058594, -28.107770919799805, 42.851417541503906]
[232.4232940673828, -27.180601119995117, 42.8394889831543]
[234.34068298339844, -26.564990997314453, 42.82136154174805]
[236.79241943359375, -25.961421966552734, 42.79020690917969]
[239.29434204101562, -25.58250617980957, 42.741455078125]
[241.8312530517578, -25.445276260375977, 42.70366668701172]
[244.3804168701172, -25.552780151367188, 42.6644401550293]
[246.4120635986328, -25.808799743652344, 42.658817291259766]
[248.9237060546875, -26.312152862548828, 42.67686080932617]
[251.3956298828125, -27.010330200195312, 42.713584899902344]
[253.8162078857422, -27.872156143188477, 42.77162170410156]
[256.1859130859375, -28.883241653442383, 42.834964752197266]
[258.04150390625, -29.78950309753418, 42.883811950683594]
[259.8599548339844, -30.775888442993164, 42.934593200683594]
[261.64788818359375, -31.831998825073242, 42.964111328125]
[263.4009704589844, -32.95406723022461, 42.97568130493164]
[265.54852294921875, -34.438899993896484, 42.97595977783203]
[267.6399841308594, -36.0049934387207, 42.967464447021484]
[269.6800537109375, -37.65249252319336, 42.95830535888672]
[271.67047119140625, -39.359806060791016, 42.962364196777344]
[273.2294616699219, -40.76619338989258, 42.95846939086914]
[274.7577209472656, -42.21213912963867, 42.960540771484375]
[276.6299743652344, -44.06150436401367, 42.961910247802734]
[278.4666442871094, -45.95314025878906, 42.96112060546875]
[280.2715148925781, -47.88042449951172, 42.9610595703125]
[281.692626953125, -49.444271087646484, 42.960933685302734]
[283.09442138671875, -51.02688217163086, 42.96086120605469]
[284.82110595703125, -53.03179931640625, 42.96066665649414]
[286.5200500488281, -55.065895080566406, 42.960697174072266]
[288.1907043457031, -57.126522064208984, 42.96065139770508]
[289.8348388671875, -59.21108627319336, 42.96046447753906]
[291.1347351074219, -60.89301300048828, 42.95991134643555]
[292.7486267089844, -63.00763702392578, 42.959228515625]
[294.0382995605469, -64.70291137695312, 42.95851516723633]
[295.6597900390625, -66.81805419921875, 42.95778274536133]
[297.30133056640625, -68.91922760009766, 42.957279205322266]
[298.97119140625, -71.00005340576172, 42.95682907104492]
[300.3307800292969, -72.64692687988281, 42.95661163330078]
[301.7125244140625, -74.27558898925781, 42.9687385559082]
[303.4516296386719, -76.25896453857422, 43.005069732666016]
[305.2024230957031, -78.19013214111328, 43.05023956298828]
[306.96600341796875, -80.07147979736328, 43.116519927978516]
[308.7283935546875, -81.88358306884766, 43.191158294677734]
[310.1377868652344, -83.29865264892578, 43.25386047363281]
[311.9664306640625, -85.10096740722656, 43.34001922607422]
[313.4278259277344, -86.52081298828125, 43.42141342163086]
[315.2354431152344, -88.26399230957031, 43.51438522338867]
[316.659912109375, -89.63585662841797, 43.573429107666016]
[318.0963134765625, -91.00714874267578, 43.62744140625]
[319.9882507324219, -92.79666137695312, 43.72666549682617]
[321.5461120605469, -94.2344741821289, 43.79816436767578]
[323.5085144042969, -96.02974700927734, 43.88906478881836]
[325.4604187011719, -97.83981323242188, 43.98875045776367]
[327.3838806152344, -99.68148040771484, 44.08736801147461]
[328.8838195800781, -101.19054412841797, 44.17042922973633]
[330.6924133300781, -103.14197540283203, 44.28694534301758]
[332.42449951171875, -105.15922546386719, 44.41134262084961]
[334.0646057128906, -107.2531509399414, 44.526214599609375]
[335.29742431640625, -108.98690032958984, 44.61100387573242]
[336.4465026855469, -110.77863311767578, 44.67311096191406]
[337.732421875, -113.11541748046875, 44.74117660522461]
[338.8353271484375, -115.54280853271484, 44.77975845336914]
[339.7139587402344, -118.07168579101562, 44.78609085083008]
[340.3520202636719, -120.67794799804688, 44.7707405090332]
[340.7231750488281, -123.33931732177734, 44.75477600097656]
[340.8396301269531, -126.01238250732422, 44.7391242980957]
[340.6623840332031, -128.69085693359375, 44.71847152709961]
[340.2298889160156, -131.34170532226562, 44.64162063598633]
[339.5165710449219, -133.9390869140625, 44.570533752441406]
[338.77813720703125, -135.96006774902344, 44.577919006347656]
[337.9356994628906, -137.92552185058594, 44.5986442565918]
[336.9896545410156, -139.82571411132812, 44.66890335083008]
[335.714111328125, -142.10894775390625, 44.77873229980469]
[334.3252258300781, -144.3224334716797, 44.88125991821289]
[332.82183837890625, -146.51869201660156, 44.99875259399414]
[331.233642578125, -148.6759796142578, 45.099308013916016]
[329.90625, -150.36404418945312, 45.179691314697266]
[328.1871032714844, -152.42630004882812, 45.28068161010742]
[326.41583251953125, -154.44912719726562, 45.376914978027344]
[324.60723876953125, -156.4421844482422, 45.4494743347168]
[322.76605224609375, -158.41131591796875, 45.516021728515625]
[320.9040832519531, -160.3621368408203, 45.56730651855469]
[319.02935791015625, -162.30227661132812, 45.61193084716797]
[317.1434631347656, -164.2389373779297, 45.6290168762207]
[315.6265869140625, -165.7848358154297, 45.623939514160156]
[313.72412109375, -167.7166748046875, 45.61795425415039]
[312.205322265625, -169.26332092285156, 45.595882415771484]
[310.3013000488281, -171.19717407226562, 45.563941955566406]
[308.78131103515625, -172.74710083007812, 45.53938293457031]
[307.2618713378906, -174.29837036132812, 45.51878356933594]
[305.36376953125, -176.2347412109375, 45.47154998779297]
[303.4521789550781, -178.16534423828125, 45.4275016784668]
[301.5412292480469, -180.08946228027344, 45.386234283447266]
[299.61505126953125, -182.00828552246094, 45.323814392089844]
[297.6773681640625, -183.91458129882812, 45.26200866699219]
[295.7289123535156, -185.80860900878906, 45.18483352661133]
[293.7448425292969, -187.67221069335938, 45.093082427978516]
[291.7319030761719, -189.501708984375, 45.00090789794922]
[289.68255615234375, -191.28936767578125, 44.908878326416016]
[288.0080261230469, -192.68116760253906, 44.8229866027832]
[285.8670654296875, -194.36773681640625, 44.68975830078125]
[283.67449951171875, -195.99180603027344, 44.54766845703125]
[281.8924255371094, -197.2517547607422, 44.43271255493164]
[279.6246337890625, -198.77719116210938, 44.30227279663086]
[277.3380126953125, -200.2686767578125, 44.187889099121094]
[275.0447692871094, -201.75228881835938, 44.10914993286133]
[272.7735290527344, -203.25914001464844, 44.05204772949219]
[270.5372619628906, -204.8048553466797, 44.01900863647461]
[268.34521484375, -206.40806579589844, 43.992000579833984]
[266.6234130859375, -207.7307586669922, 43.98386764526367]
[264.5220642089844, -209.4351348876953, 44.01206588745117]
[262.4715576171875, -211.19802856445312, 44.05342483520508]
[260.870849609375, -212.64932250976562, 44.09276580810547]
[258.9132080078125, -214.5050048828125, 44.154571533203125]
[257.0013122558594, -216.40933227539062, 44.23021697998047]
[255.14060974121094, -218.3568572998047, 44.329105377197266]
[253.69442749023438, -219.9488525390625, 44.426849365234375]
[251.93695068359375, -221.9796905517578, 44.558349609375]
[250.58815002441406, -223.64768981933594, 44.66999435424805]
[248.98764038085938, -225.79922485351562, 44.82452392578125]
[247.50485229492188, -228.02976989746094, 44.9697265625]
[246.13540649414062, -230.33319091796875, 45.08674240112305]
[244.83639526367188, -232.6736602783203, 45.20075607299805]
[243.81097412109375, -234.55026245117188, 45.281959533691406]
[242.4817657470703, -236.87367248535156, 45.38145065307617]
[241.06068420410156, -239.13739013671875, 45.48847579956055]
[239.8299560546875, -240.88870239257812, 45.567264556884766]
[238.16163635253906, -242.98609924316406, 45.6583251953125]
[236.33737182617188, -244.93251037597656, 45.7276496887207]
[234.31190490722656, -246.6488037109375, 45.803646087646484]
[232.0739288330078, -248.0479736328125, 45.896339416503906]
[230.14785766601562, -248.89361572265625, 45.94671630859375]
[227.6079864501953, -249.52015686035156, 46.00443649291992]
[225.04039001464844, -249.61778259277344, 46.06282424926758]
[222.52902221679688, -249.17617797851562, 46.1300163269043]
[220.16961669921875, -248.27059936523438, 46.15874099731445]
[218.15899658203125, -246.92430114746094, 46.175758361816406]
[216.58119201660156, -245.2492218017578, 46.143951416015625]
[215.45547485351562, -243.3106231689453, 46.09454345703125]
[214.69876098632812, -241.16580200195312, 46.0492057800293]
[214.10617065429688, -238.8091278076172, 46.00914764404297]
[213.57313537597656, -236.25936889648438, 46.00973129272461]
[213.15383911132812, -233.6177978515625, 46.00314712524414]
[212.8642120361328, -230.9327850341797, 45.977195739746094]
[212.71615600585938, -228.7691650390625, 45.933738708496094]
[212.61236572265625, -226.05581665039062, 45.87202453613281]
[212.55694580078125, -223.34310913085938, 45.78975296020508]
[212.5337371826172, -220.62945556640625, 45.70779037475586]
[212.5110626220703, -217.91590881347656, 45.64473342895508]
[212.47802734375, -215.74407958984375, 45.57777404785156]
[212.4127197265625, -213.03146362304688, 45.49046325683594]
[212.32623291015625, -210.85914611816406, 45.420989990234375]
[212.16673278808594, -208.1524200439453, 45.354732513427734]
[211.9468536376953, -205.45431518554688, 45.2825927734375]
[211.69007873535156, -202.75425720214844, 45.2028694152832]
[211.38226318359375, -200.06053161621094, 45.13846969604492]
[211.1163787841797, -197.9132537841797, 45.0778694152832]
[210.7835693359375, -195.2244873046875, 44.99973678588867]
[210.43472290039062, -192.533935546875, 44.92841720581055]
[210.15223693847656, -190.3858642578125, 44.86819839477539]
[209.81143188476562, -187.69570922851562, 44.796268463134766]
[209.5293731689453, -185.5437469482422, 44.74221420288086]
[209.15863037109375, -182.8609619140625, 44.67018508911133]
[208.7817840576172, -180.1747589111328, 44.591163635253906]
[208.37887573242188, -177.48963928222656, 44.515472412109375]
[207.94776916503906, -174.81568908691406, 44.446990966796875]
[207.50196838378906, -172.14016723632812, 44.371307373046875]
[207.03030395507812, -169.46946716308594, 44.303138732910156]
[206.54576110839844, -166.80804443359375, 44.23604202270508]
[206.07395935058594, -164.13990783691406, 44.17275619506836]
[205.6317901611328, -161.46958923339844, 44.11980056762695]
[205.23402404785156, -158.79505920410156, 44.07440948486328]
[204.8876495361328, -156.1110076904297, 44.04053497314453]
[204.58189392089844, -153.41635131835938, 44.01774597167969]
[204.27120971679688, -150.72862243652344, 44.01631546020508]
[203.9283447265625, -148.04379272460938, 44.01178741455078]
[203.53526306152344, -145.3648681640625, 44.0329475402832]
[203.03382873535156, -142.71388244628906, 44.046905517578125]
[202.40283203125, -140.08291625976562, 44.048641204833984]
[201.76455688476562, -138.0166778564453, 44.03540802001953]
[200.79998779296875, -135.49124145507812, 44.01176834106445]
[199.64852905273438, -133.05044555664062, 44.009307861328125]
[198.3013458251953, -130.7129364013672, 43.991432189941406]
[196.77268981933594, -128.4884033203125, 43.95710372924805]
[195.07247924804688, -126.39006805419922, 43.928314208984375]
[193.20127868652344, -124.43817901611328, 43.89824295043945]
[191.13934326171875, -122.68519592285156, 43.84890365600586]
[189.349365234375, -121.46609497070312, 43.81073760986328]
[186.952392578125, -120.22622680664062, 43.75197219848633]
[184.4056396484375, -119.3355941772461, 43.69003677368164]
[182.29092407226562, -118.89949798583984, 43.64668273925781]
[179.61917114257812, -118.74629211425781, 43.63631820678711]
[177.52581787109375, -118.83787536621094, 43.71010208129883]
[174.97120666503906, -119.30985260009766, 43.74094009399414]
[173.09442138671875, -120.0289077758789, 43.75212860107422]
[171.04969787597656, -121.34252166748047, 43.77070617675781]
[169.42567443847656, -122.9709243774414, 43.77961730957031]
[167.99847412109375, -124.84993743896484, 43.766231536865234]
[166.69654846191406, -126.9224624633789, 43.7642707824707]
[165.79940795898438, -128.6580047607422, 43.7418212890625]
[164.8801727294922, -130.9020538330078, 43.71569061279297]
[164.09471130371094, -133.3890380859375, 43.68331527709961]
[163.4532470703125, -135.98089599609375, 43.620914459228516]
[162.91461181640625, -138.59860229492188, 43.56755447387695]
[162.382568359375, -141.21702575683594, 43.525596618652344]
[161.76315307617188, -143.8150177001953, 43.526363372802734]
[161.00328063964844, -146.37200927734375, 43.550209045410156]
[160.07913208007812, -148.84378051757812, 43.57978057861328]
[158.95103454589844, -151.24241638183594, 43.604339599609375]
[157.60545349121094, -153.57379150390625, 43.641300201416016]
[156.0431365966797, -155.74200439453125, 43.68033218383789]
[154.2350311279297, -157.6941375732422, 43.73991394042969]
[152.17127990722656, -159.3572540283203, 43.82483673095703]
[149.8720703125, -160.66990661621094, 43.94215393066406]
[147.3970947265625, -161.61019897460938, 44.06016540527344]
[144.80091857910156, -162.1520538330078, 44.16542053222656]
[142.148681640625, -162.27671813964844, 44.29168701171875]
[140.0251007080078, -162.10279846191406, 44.43037796020508]
[137.4037322998047, -161.60926818847656, 44.5921630859375]
[134.84735107421875, -160.8362274169922, 44.72259521484375]
[132.3863525390625, -159.79637145996094, 44.85038375854492]
[130.04176330566406, -158.51458740234375, 44.93826675415039]
[128.27264404296875, -157.3050994873047, 44.99467468261719]
[126.21366119384766, -155.587158203125, 45.05099868774414]
[124.3448257446289, -153.65576171875, 45.07148742675781]
[123.00796508789062, -151.9691162109375, 45.07220458984375]
[121.55012512207031, -149.70838928222656, 45.04804992675781]
[120.36702728271484, -147.29022216796875, 44.9957389831543]
[119.49048614501953, -144.746826171875, 44.922569274902344]
[118.95036315917969, -142.11517333984375, 44.82129669189453]
[118.7791748046875, -139.4300537109375, 44.68053436279297]
[118.98977661132812, -136.7371826171875, 44.52513122558594]
[119.53230285644531, -134.08721923828125, 44.37600326538086]
[120.17497253417969, -132.0114288330078, 44.25752258300781]
[121.19635009765625, -129.4989013671875, 44.12638854980469]
[122.4070816040039, -127.06476593017578, 44.00990676879883]
[123.76492309570312, -124.71253204345703, 43.91225051879883]
[124.9385757446289, -122.88550567626953, 43.842159271240234]
[126.49523162841797, -120.66641998291016, 43.749908447265625]
[127.81301879882812, -118.93885040283203, 43.68622970581055]
[129.17819213867188, -117.25701904296875, 43.61769485473633]
[130.97259521484375, -115.2233657836914, 43.529396057128906]
[132.46548461914062, -113.64811706542969, 43.46713638305664]
[134.39637756347656, -111.73614501953125, 43.38764953613281]
[136.3798370361328, -109.899658203125, 43.31220245361328]
[138.4252166748047, -108.12281036376953, 43.246131896972656]
[140.5225830078125, -106.39529418945312, 43.187774658203125]
[142.23135375976562, -105.0465087890625, 43.13943862915039]
[144.3896942138672, -103.38628387451172, 43.090850830078125]
[146.1259307861328, -102.07270812988281, 43.06142044067383]
[148.29542541503906, -100.43460845947266, 43.03193283081055]
[150.02955627441406, -99.12158966064453, 43.017539978027344]
[152.18490600585938, -97.46883392333984, 43.007789611816406]
[154.3257598876953, -95.80719757080078, 43.004695892333984]
[156.46078491210938, -94.13516235351562, 43.00858688354492]
[158.5858612060547, -92.45326232910156, 43.01599884033203]
[160.7095184326172, -90.7699203491211, 43.01788330078125]
[162.8321533203125, -89.08435821533203, 43.02460479736328]
[164.9514923095703, -87.39830780029297, 43.035579681396484]
[167.06741333007812, -85.704345703125, 43.04696273803711]
[169.1779022216797, -84.0057373046875, 43.049983978271484]
[170.8661651611328, -82.64396667480469, 43.052249908447266]
[172.96485900878906, -80.92864227294922, 43.050350189208984]
[175.0606689453125, -79.20819854736328, 43.04566955566406]
[177.15203857421875, -77.47969818115234, 43.02716827392578]
[179.2327880859375, -75.73841857910156, 43.019771575927734]
[181.2972869873047, -73.98191833496094, 42.99701690673828]
[182.9528045654297, -72.57299041748047, 42.98493957519531]
[184.99778747558594, -70.79061889648438, 42.96505355834961]
[187.0397186279297, -69.00071716308594, 42.954078674316406]
[189.06210327148438, -67.19490814208984, 42.9578857421875]
[191.0713653564453, -65.37234497070312, 42.95846939086914]
[193.06072998046875, -63.525657653808594, 42.94704818725586]
[195.03546142578125, -61.67211151123047, 42.948081970214844]
[197.0013427734375, -59.80417251586914, 42.95888137817383]
[198.9376983642578, -57.90390396118164, 42.95696258544922]
[200.84161376953125, -55.97159194946289, 42.95655059814453]
[202.7097930908203, -54.00510025024414, 42.956382751464844]
[204.54148864746094, -52.00444412231445, 42.95646286010742]
[205.9816131591797, -50.38251495361328, 42.956851959228516]
[207.75570678710938, -48.3345947265625, 42.957435607910156]
[209.51087951660156, -46.271087646484375, 42.958065032958984]
[211.25941467285156, -44.20186996459961, 42.958984375]
[213.0158233642578, -42.14156723022461, 42.96023941040039]
[214.43992614746094, -40.51127243041992, 42.95916748046875]
[216.26739501953125, -38.512813568115234, 42.93915557861328]
[218.15704345703125, -36.57169723510742, 42.9308967590332]
[220.12002563476562, -34.714073181152344, 42.93113708496094]
[222.17532348632812, -32.96023941040039, 42.91852951049805]
[224.33778381347656, -31.332841873168945, 42.903621673583984]
[226.6020050048828, -29.858745574951172, 42.87554931640625]
[228.9777069091797, -28.56816864013672, 42.85770797729492]
[231.44065856933594, -27.4642276763916, 42.84355163574219]
[233.47207641601562, -26.731449127197266, 42.832611083984375]
[236.07443237304688, -26.018741607666016, 42.811912536621094]
[238.7333221435547, -25.567869186401367, 42.76418685913086]
[241.43051147460938, -25.42373275756836, 42.72034454345703]
[243.59059143066406, -25.526012420654297, 42.67573165893555]
[246.27012634277344, -25.92251968383789, 42.64372253417969]
[248.37034606933594, -26.417308807373047, 42.64741134643555]
[250.93336486816406, -27.268945693969727, 42.66426467895508]
[253.42347717285156, -28.334060668945312, 42.7025032043457]
[255.83480834960938, -29.554773330688477, 42.7635498046875]
[258.1697692871094, -30.90795135498047, 42.82323455810547]
[260.4365539550781, -32.37861633300781, 42.86246109008789]
[262.2044982910156, -33.631492614746094, 42.872406005859375]
[264.3628845214844, -35.2739372253418, 42.90560531616211]
[266.4738464355469, -36.9709358215332, 42.91453552246094]
[268.53668212890625, -38.730674743652344, 42.92031478881836]
[270.55328369140625, -40.542991638183594, 42.927215576171875]
[272.1400146484375, -42.02119827270508, 42.933013916015625]
[274.0945739746094, -43.9017333984375, 42.951148986816406]
[275.64093017578125, -45.41855239868164, 42.96455764770508]
[277.5463562011719, -47.3463134765625, 42.96129608154297]
[279.422607421875, -49.305084228515625, 42.96089553833008]
[280.9039611816406, -50.88991165161133, 42.9606819152832]
[282.73291015625, -52.89224624633789, 42.96051788330078]
[284.1791076660156, -54.509368896484375, 42.96038818359375]
[285.9685974121094, -56.547706604003906, 42.96009063720703]
[287.74176025390625, -58.600547790527344, 42.959651947021484]
[289.5046691894531, -60.66292953491211, 42.95940399169922]
[290.91204833984375, -62.315040588378906, 42.958858489990234]
[292.3211669921875, -63.966243743896484, 42.95853042602539]
[294.0892333984375, -66.02438354492188, 42.958168029785156]
[295.5106201171875, -67.6640396118164, 42.95832443237305]
[297.29571533203125, -69.70475769042969, 42.95824432373047]
[299.0893859863281, -71.73773193359375, 42.95820617675781]
[300.8935546875, -73.76368713378906, 42.96049499511719]
[302.345458984375, -75.37482452392578, 42.975547790527344]
[303.8088684082031, -76.96857452392578, 43.01066970825195]
[305.6601867675781, -78.93778228759766, 43.06510543823242]
[307.5492858886719, -80.86903381347656, 43.1373405456543]
[309.47772216796875, -82.752197265625, 43.21870803833008]
[311.04559326171875, -84.23163604736328, 43.293697357177734]
[313.0416564941406, -86.04071044921875, 43.397769927978516]
[314.66485595703125, -87.45101928710938, 43.47211837768555]
[316.7177734375, -89.19102478027344, 43.55966567993164]
[318.7862854003906, -90.9101791381836, 43.654197692871094]
[320.44134521484375, -92.28234100341797, 43.73744583129883]
[322.09100341796875, -93.65922546386719, 43.802146911621094]
[323.72076416015625, -95.06060028076172, 43.881797790527344]
[325.7238464355469, -96.84801483154297, 43.9866828918457]
[327.66802978515625, -98.69625091552734, 44.09418487548828]
[329.1688537597656, -100.22882080078125, 44.185115814208984]
[330.96240234375, -102.21680450439453, 44.29759979248047]
[332.3280029296875, -103.87063598632812, 44.40849304199219]
[333.63360595703125, -105.5664291381836, 44.5032958984375]
[335.15557861328125, -107.77368927001953, 44.61553955078125]
[336.5511474609375, -110.05985260009766, 44.69906997680664]
[337.5508728027344, -111.96134185791016, 44.753440856933594]
[338.6431579589844, -114.41658020019531, 44.79520797729492]
[339.3708801269531, -116.44718170166016, 44.80712890625]
[339.964111328125, -118.52267456054688, 44.802188873291016]
[340.50311279296875, -121.16899871826172, 44.770931243896484]
[340.7872009277344, -123.85881042480469, 44.75100326538086]
[340.83148193359375, -126.55210876464844, 44.73099136352539]
[340.5928649902344, -129.23928833007812, 44.708282470703125]
[340.091064453125, -131.89743041992188, 44.62008285522461]
[339.2996520996094, -134.4967803955078, 44.56228256225586]
[338.5113830566406, -136.51878356933594, 44.58024978637695]
[337.3711242675781, -138.9722137451172, 44.6249885559082]
[336.3494873046875, -140.87513732910156, 44.70502853393555]
[334.97222900390625, -143.1819305419922, 44.8197135925293]
[333.47723388671875, -145.41995239257812, 44.93917465209961]
[331.9075012207031, -147.60572814941406, 45.042335510253906]
[330.2622985839844, -149.73654174804688, 45.14011764526367]
[328.55084228515625, -151.815673828125, 45.24159622192383]
[326.7869567871094, -153.85105895996094, 45.3447151184082]
[324.9880676269531, -155.85719299316406, 45.425777435302734]
[323.1535339355469, -157.83631896972656, 45.5009765625]
[321.3016662597656, -159.7993927001953, 45.55223083496094]
[319.43048095703125, -161.7503204345703, 45.603641510009766]
[317.5526428222656, -163.6991424560547, 45.62557601928711]
[315.6643981933594, -165.64239501953125, 45.62413787841797]
[313.7696533203125, -167.58493041992188, 45.61888122558594]
[312.25726318359375, -169.13958740234375, 45.59616470336914]
[310.3583068847656, -171.0829620361328, 45.56489181518555]
[308.46502685546875, -173.0286407470703, 45.53385925292969]
[306.57061767578125, -174.9738006591797, 45.50271224975586]
[304.6673583984375, -176.9141082763672, 45.45283126831055]
[302.75872802734375, -178.8478546142578, 45.409034729003906]
[300.8426208496094, -180.77392578125, 45.364158630371094]
[298.912841796875, -182.6921844482422, 45.3010368347168]
[296.9696350097656, -184.5967254638672, 45.24064254760742]
[295.4076232910156, -186.11044311523438, 45.170570373535156]
[293.41845703125, -187.96876525878906, 45.08137893676758]
[291.39825439453125, -189.79388427734375, 44.98659133911133]
[289.7549743652344, -191.22451782226562, 44.913330078125]
[287.6582336425781, -192.96109008789062, 44.80374526977539]
[285.9424743652344, -194.30868530273438, 44.69498825073242]
[283.7504577636719, -195.93704223632812, 44.55236053466797]
[281.52001953125, -197.50779724121094, 44.408077239990234]
[279.70294189453125, -198.72576904296875, 44.306312561035156]
[277.41583251953125, -200.2182159423828, 44.19088363647461]
[275.57794189453125, -201.40223693847656, 44.1270866394043]
[273.29901123046875, -202.9021759033203, 44.06172180175781]
[271.05084228515625, -204.4362335205078, 44.02426528930664]
[269.2834777832031, -205.7020721435547, 43.99758529663086]
[267.1148681640625, -207.33673095703125, 43.98031997680664]
[264.9986267089844, -209.02685546875, 44.00165557861328]
[262.93634033203125, -210.77557373046875, 44.03943634033203]
[260.9276123046875, -212.58203125, 44.090850830078125]
[259.3559265136719, -214.06260681152344, 44.14055252075195]
[257.4315490722656, -215.95529174804688, 44.2158088684082]
[255.9337921142578, -217.5038299560547, 44.2843017578125]
[254.10313415527344, -219.47723388671875, 44.40142059326172]
[252.3339080810547, -221.49954223632812, 44.52113342285156]
[250.63621520996094, -223.5762939453125, 44.66484069824219]
[249.34486389160156, -225.2894287109375, 44.78854751586914]
[247.83587646484375, -227.50271606445312, 44.936546325683594]
[246.71401977539062, -229.32957458496094, 45.038330078125]
[245.39060974121094, -231.6597900390625, 45.149200439453125]
[244.10630798339844, -234.00704956054688, 45.2604866027832]
[243.0629425048828, -235.87506103515625, 45.34102249145508]
[241.68508911132812, -238.16697692871094, 45.44748306274414]
[240.19232177734375, -240.3861083984375, 45.54707336425781]
[238.5559539794922, -242.51077270507812, 45.63822555541992]
[237.14291381835938, -244.1163787841797, 45.69596862792969]
[235.6051788330078, -245.5926055908203, 45.76231002807617]
[233.49513244628906, -247.2011260986328, 45.842254638671875]
[231.18128967285156, -248.4684600830078, 45.9189338684082]
[228.69314575195312, -249.30506896972656, 45.97968673706055]
[226.11187744140625, -249.63719177246094, 46.02772521972656]
[223.5666961669922, -249.41806030273438, 46.099212646484375]
[221.1185302734375, -248.7102813720703, 46.14655303955078]
[218.9418182373047, -247.54934692382812, 46.17021560668945]
[217.18556213378906, -246.0138702392578, 46.164852142333984]
[215.8809814453125, -244.18865966796875, 46.11700439453125]
[214.9969940185547, -242.1234130859375, 46.0670051574707]
[214.49452209472656, -240.35882568359375, 46.031517028808594]
[213.93702697753906, -237.91200256347656, 46.00578689575195]
[213.4491424560547, -235.31886291503906, 46.00981140136719]
[213.0810546875, -232.6595916748047, 46.00055694580078]
[212.87757873535156, -230.5048065185547, 45.971168518066406]
[212.71597290039062, -227.79806518554688, 45.91450119018555]
[212.6421661376953, -225.62779235839844, 45.861297607421875]
[212.5865936279297, -222.9151153564453, 45.7752799987793]
[212.55877685546875, -220.19772338867188, 45.69770431518555]
[212.52590942382812, -217.48599243164062, 45.63328552246094]
[212.47315979003906, -214.772216796875, 45.54634475708008]
[212.38595581054688, -212.05712890625, 45.459754943847656]
[212.27847290039062, -209.88746643066406, 45.39148712158203]
[212.08883666992188, -207.18594360351562, 45.326416015625]
[211.851318359375, -204.48731994628906, 45.25492477416992]
[211.5709228515625, -201.7876739501953, 45.18012619018555]
[211.24388122558594, -199.10235595703125, 45.110836029052734]
[210.9781951904297, -196.9510040283203, 45.05227279663086]
[210.636474609375, -194.26039123535156, 44.97380828857422]
[210.28248596191406, -191.5753631591797, 44.907081604003906]
[209.93734741210938, -188.8859405517578, 44.83112716674805]
[209.59034729003906, -186.19602966308594, 44.7562370300293]
[209.22308349609375, -183.51255798339844, 44.68675231933594]
[208.85012817382812, -180.82330322265625, 44.61159133911133]
[208.4552001953125, -178.1407470703125, 44.530189514160156]
[208.03155517578125, -175.46595764160156, 44.46295928955078]
[207.59124755859375, -172.78929138183594, 44.3921012878418]
[207.12820434570312, -170.11502075195312, 44.31838607788086]
[206.6471405029297, -167.45449829101562, 44.25086212158203]
[206.27027893066406, -165.3192901611328, 44.202999114990234]
[205.81329345703125, -162.6526641845703, 44.13804244995117]
[205.39915466308594, -159.97853088378906, 44.09181213378906]
[205.03125, -157.298095703125, 44.057186126708984]
[204.71067810058594, -154.60794067382812, 44.02756881713867]
[204.41188049316406, -151.91432189941406, 44.018333435058594]
[204.087158203125, -149.22805786132812, 44.01495361328125]
[203.7281494140625, -146.5460662841797, 44.01606369018555]
[203.287109375, -143.8803253173828, 44.03996276855469]
[202.7285919189453, -141.2317352294922, 44.04801559448242]
[202.0066375732422, -138.62374877929688, 44.04180908203125]
[201.09523010253906, -136.08230590820312, 44.01515579223633]
[199.9981231689453, -133.61276245117188, 44.00828170776367]
[198.9777069091797, -131.71339416503906, 43.99830627441406]
[197.83401489257812, -129.87928771972656, 43.9728889465332]
[196.2434539794922, -127.69900512695312, 43.94851303100586]
[194.48312377929688, -125.65138244628906, 43.921112060546875]
[192.5442352294922, -123.76441192626953, 43.88916778564453]
[190.41232299804688, -122.0986557006836, 43.83721160888672]
[188.09136962890625, -120.7169189453125, 43.78150177001953]
[185.60447692871094, -119.66312408447266, 43.72636795043945]
[182.9962921142578, -118.98577117919922, 43.66240310668945]
[180.85488891601562, -118.73501586914062, 43.64086151123047]
[178.21670532226562, -118.76680755615234, 43.68622589111328]
[175.6468048095703, -119.11709594726562, 43.7282600402832]
[173.263671875, -119.94589233398438, 43.75227355957031]
[171.21034240722656, -121.23217010498047, 43.77344512939453]
[169.5755615234375, -122.8423080444336, 43.77630615234375]
[168.140380859375, -124.70233917236328, 43.761756896972656]
[166.85946655273438, -126.70848083496094, 43.76287078857422]
[165.77586364746094, -128.80899047851562, 43.73981475830078]
[164.8270263671875, -131.17071533203125, 43.709129333496094]
[164.19268798828125, -133.1935577392578, 43.6895637512207]
[163.55052185058594, -135.789794921875, 43.625423431396484]
[163.022216796875, -138.40969848632812, 43.572425842285156]
[162.50531005859375, -141.0311737060547, 43.530792236328125]
[161.905029296875, -143.63192749023438, 43.52760696411133]
[161.32957458496094, -145.6677703857422, 43.547489166259766]
[160.4734649658203, -148.1371307373047, 43.57777786254883]
[159.39695739746094, -150.6009063720703, 43.60584259033203]
[158.11732482910156, -152.96205139160156, 43.63894271850586]
[156.61228942871094, -155.17724609375, 43.67150115966797]
[155.23248291015625, -156.80661010742188, 43.71286392211914]
[153.2836151123047, -158.6106414794922, 43.78135681152344]
[151.0856475830078, -160.08804321289062, 43.88298416137695]
[148.68356323242188, -161.19918823242188, 44.00390625]
[146.13133239746094, -161.92111206054688, 44.110782623291016]
[143.49722290039062, -162.23138427734375, 44.22083282470703]
[140.83993530273438, -162.1349639892578, 44.37472915649414]
[138.208984375, -161.71270751953125, 44.540382385253906]
[135.63677978515625, -161.01527404785156, 44.67647933959961]
[133.6409912109375, -160.25926208496094, 44.78084182739258]
[131.2449951171875, -159.09373474121094, 44.888370513916016]
[128.98243713378906, -157.6737060546875, 44.96696472167969]
[126.87860107421875, -156.01638793945312, 45.03343963623047]
[124.94608306884766, -154.15750122070312, 45.058414459228516]
[123.54397583007812, -152.5300750732422, 45.060760498046875]
[121.99612426757812, -150.3381805419922, 45.05375671386719]
[120.94158935546875, -148.46702575683594, 45.02179718017578]
[119.8892593383789, -145.99667358398438, 44.96061706542969]
[119.16650390625, -143.4130096435547, 44.87538146972656]
[118.80863952636719, -140.7523956298828, 44.755767822265625]
[118.8390121459961, -138.0646514892578, 44.59866714477539]
[119.2569351196289, -135.39552307128906, 44.456722259521484]
[119.99483489990234, -132.787109375, 44.302181243896484]
[121.01248168945312, -130.27914428710938, 44.15428161621094]
[122.25312805175781, -127.85684204101562, 44.0243034362793]
[123.65084075927734, -125.52242279052734, 43.919837951660156]
[125.15950012207031, -123.26493072509766, 43.826385498046875]
[126.75498962402344, -121.0709228515625, 43.74408721923828]
[128.08042907714844, -119.35417175292969, 43.67548751831055]
[129.8107452392578, -117.25721740722656, 43.58856201171875]
[131.60276794433594, -115.2093505859375, 43.508583068847656]
[133.4379119873047, -113.22373962402344, 43.42955780029297]
[135.33273315429688, -111.27153778076172, 43.351444244384766]
[137.26959228515625, -109.36067199707031, 43.28632736206055]
[139.2451171875, -107.49181365966797, 43.22597885131836]
[141.26126098632812, -105.66402435302734, 43.16624450683594]
[143.31149291992188, -103.87237548828125, 43.11276626586914]
[144.96485900878906, -102.4586181640625, 43.06977081298828]
[147.04974365234375, -100.711669921875, 43.038841247558594]
[149.1468505859375, -98.98430633544922, 43.01576232910156]
[150.8315887451172, -97.61436462402344, 42.994239807128906]
[152.9494171142578, -95.91451263427734, 42.9879035949707]
[154.64126586914062, -94.55601501464844, 42.98992919921875]
[156.76202392578125, -92.86894226074219, 42.9905891418457]
[158.8887176513672, -91.18891143798828, 43.00065231323242]
