[160.905, -91.9654, 42.8511]
[160.90576171875, -91.95794677734375, 43.0157356262207]
[160.91058349609375, -91.9521255493164, 43.013755798339844]
[160.92286682128906, -91.93948364257812, 43.01349639892578]
[160.94371032714844, -91.9207992553711, 43.01428985595703]
[160.9767303466797, -91.88883972167969, 43.013214111328125]
[161.02572631835938, -91.84158325195312, 43.02016067504883]
[161.09349060058594, -91.77566528320312, 43.02577590942383]
[161.17483520507812, -91.69452667236328, 43.029510498046875]
[161.26927185058594, -91.60419464111328, 43.03276062011719]
[161.37484741210938, -91.5040512084961, 43.03325653076172]
[161.49172973632812, -91.39344024658203, 43.031917572021484]
[161.62026977539062, -91.27206420898438, 43.03254699707031]
[161.75917053222656, -91.14005279541016, 43.033226013183594]
[161.90545654296875, -90.99911499023438, 43.03650665283203]
[162.0582733154297, -90.85481262207031, 43.04051971435547]
[162.22067260742188, -90.70394897460938, 43.03922653198242]
[162.39234924316406, -90.54717254638672, 43.036922454833984]
[162.5664825439453, -90.38970947265625, 43.036170959472656]
[162.75279235839844, -90.22066497802734, 43.034488677978516]
[162.94384765625, -90.04600524902344, 43.037166595458984]
[163.13473510742188, -89.87123107910156, 43.04246520996094]
[163.3426055908203, -89.68374633789062, 43.04317092895508]
[163.55752563476562, -89.49321746826172, 43.04573440551758]
[163.76942443847656, -89.3051986694336, 43.04948806762695]
[163.9929656982422, -89.10676574707031, 43.047119140625]
[164.2326202392578, -88.89762115478516, 43.0445671081543]
[164.46363830566406, -88.69596099853516, 43.047882080078125]
[164.6995391845703, -88.48820495605469, 43.04680633544922]
[164.9608612060547, -88.26245880126953, 43.044029235839844]
[165.21249389648438, -88.04561614990234, 43.04927444458008]
[165.46217346191406, -87.8265380859375, 43.048980712890625]
[165.74066162109375, -87.5865249633789, 43.04353332519531]
[166.01124572753906, -87.35443878173828, 43.04990005493164]
[166.28062438964844, -87.11975860595703, 43.050235748291016]
[166.5771026611328, -86.86601257324219, 43.04466247558594]
[166.8699493408203, -86.61748504638672, 43.0458984375]
[167.1671600341797, -86.36085510253906, 43.04755783081055]
[167.48675537109375, -86.08656311035156, 43.047245025634766]
[167.79847717285156, -85.81978607177734, 43.05189895629883]
[168.12088012695312, -85.5409164428711, 43.05010986328125]
[168.4609375, -85.2503662109375, 43.05119705200195]
[168.7908477783203, -84.96752166748047, 43.056739807128906]
[169.13571166992188, -84.66397857666016, 43.05296325683594]
[169.49053955078125, -84.35469055175781, 43.055694580078125]
[169.84120178222656, -84.05069732666016, 43.06025695800781]
[170.20716857910156, -83.72683715820312, 43.05484390258789]
[170.57801818847656, -83.40042877197266, 43.057716369628906]
[170.9485626220703, -83.07379150390625, 43.06184387207031]
[171.33106994628906, -82.72997283935547, 43.06175994873047]
[171.71559143066406, -82.3859634399414, 43.06472396850586]
[172.10287475585938, -82.03852844238281, 43.061622619628906]
[172.50009155273438, -81.67759704589844, 43.05376052856445]
[172.89744567871094, -81.31694030761719, 43.05097579956055]
[173.304931640625, -80.9468994140625, 43.052459716796875]
[173.71731567382812, -80.570068359375, 43.05500411987305]
[174.12838745117188, -80.19174194335938, 43.05335235595703]
[174.54981994628906, -79.80233764648438, 43.04740524291992]
[174.9702911376953, -79.40927124023438, 43.04400634765625]
[175.3911590576172, -79.0104751586914, 43.03702163696289]
[175.82228088378906, -78.60161590576172, 43.029151916503906]
[176.2523651123047, -78.19146728515625, 43.03069305419922]
[176.6882781982422, -77.77239990234375, 43.030364990234375]
[177.1288604736328, -77.34938049316406, 43.024131774902344]
[177.57273864746094, -76.92058563232422, 43.01610565185547]
[178.01841735839844, -76.48419189453125, 43.01626968383789]
[178.46438598632812, -76.04339599609375, 43.02104949951172]
[178.9162139892578, -75.59452056884766, 43.017547607421875]
[179.3662567138672, -75.14251708984375, 43.008026123046875]
[179.82127380371094, -74.68428039550781, 42.99835968017578]
[180.28248596191406, -74.22215270996094, 42.99702453613281]
[180.74546813964844, -73.75669860839844, 42.99565505981445]
[181.21475219726562, -73.28408813476562, 42.98931121826172]
[181.684814453125, -72.80841064453125, 42.985965728759766]
[182.15505981445312, -72.32653045654297, 42.984375]
[182.62649536132812, -71.83882141113281, 42.97698974609375]
[183.09963989257812, -71.34795379638672, 42.96917724609375]
[183.57870483398438, -70.85176086425781, 42.965126037597656]
[184.06199645996094, -70.35413360595703, 42.96090316772461]
[184.54457092285156, -69.85881042480469, 42.956382751464844]
[185.0237274169922, -69.36534118652344, 42.95600509643555]
[185.5008544921875, -68.87281036376953, 42.957706451416016]
[185.97677612304688, -68.38140869140625, 42.959354400634766]
[186.45196533203125, -67.89144897460938, 42.96000671386719]
[186.9284210205078, -67.40122985839844, 42.95942687988281]
[187.4175262451172, -66.89964294433594, 42.956275939941406]
[187.89866638183594, -66.40803527832031, 42.959571838378906]
[188.3916778564453, -65.90371704101562, 42.95771789550781]
[188.89605712890625, -65.38719177246094, 42.95566177368164]
[189.4100799560547, -64.86064147949219, 42.94695281982422]
[189.929931640625, -64.32894134521484, 42.937355041503906]
[190.45692443847656, -63.79279708862305, 42.93265151977539]
[190.99154663085938, -63.253517150878906, 42.92732238769531]
[191.5291290283203, -62.71276092529297, 42.92225646972656]
[192.06887817382812, -62.16770553588867, 42.921756744384766]
[192.60910034179688, -61.61959457397461, 42.92939376831055]
[193.15098571777344, -61.06715774536133, 42.940711975097656]
[193.6925506591797, -60.51150894165039, 42.94215774536133]
[194.23562622070312, -59.95249557495117, 42.94261932373047]
[194.78134155273438, -59.390830993652344, 42.95266342163086]
[195.32949829101562, -58.825164794921875, 42.9600944519043]
[195.8782958984375, -58.25474166870117, 42.960105895996094]
[196.4270782470703, -57.68014144897461, 42.95884704589844]
[196.97613525390625, -57.10093688964844, 42.957828521728516]
[197.5247344970703, -56.51763916015625, 42.957340240478516]
[198.07342529296875, -55.929595947265625, 42.956966400146484]
[198.62152099609375, -55.33735275268555, 42.95687484741211]
[199.16941833496094, -54.74038314819336, 42.956756591796875]
[199.71652221679688, -54.13921356201172, 42.956764221191406]
[200.2631072998047, -53.53358459472656, 42.956748962402344]
[200.8089599609375, -52.92377471923828, 42.95680236816406]
[201.354248046875, -52.30986404418945, 42.95688247680664]
[201.89906311035156, -51.69206619262695, 42.95698165893555]
[202.4435577392578, -51.07062911987305, 42.95709991455078]
[202.98800659179688, -50.445743560791016, 42.95722961425781]
[203.53265380859375, -50.817874908447266, 42.95746612548828]
[204.07794189453125, -50.187232971191406, 42.95766830444336]
[204.62411499023438, -50.554473876953125, 42.957855224609375]
[205.17184448242188, -50.919677734375, 42.957984924316406]
[205.72129821777344, -50.28361129760742, 42.95835494995117]
[206.27320861816406, -50.64646530151367, 42.958595275878906]
[206.82786560058594, -49.00891876220703, 42.95878219604492]
[207.3859405517578, -49.37117385864258, 42.959049224853516]
[207.94769287109375, -47.73384094238281, 42.95933151245117]
[208.51368713378906, -47.09727478027344, 42.959495544433594]
[209.084228515625, -46.46180725097656, 42.95976257324219]
[209.6595916748047, -45.82793426513672, 42.9599723815918]
[210.24012756347656, -45.1958122253418, 42.9600830078125]
[210.82601928710938, -45.565895080566406, 42.96031188964844]
[211.41746520996094, -43.938255310058594, 42.96036148071289]
[212.0145721435547, -43.31330108642578, 42.96054458618164]
[212.61741638183594, -42.691165924072266, 42.96061325073242]
[213.22621154785156, -42.072452545166016, 42.96086120605469]
[213.8411407470703, -41.45730972290039, 42.96096420288086]
[214.46218872070312, -40.84671401977539, 42.9580192565918]
[215.09017944335938, -40.24102020263672, 42.94783401489258]
[215.7283477783203, -39.64156723022461, 42.94246292114258]
[216.3770294189453, -39.04906463623047, 42.94107437133789]
[217.0325164794922, -39.46339416503906, 42.93678283691406]
[217.69390869140625, -37.88425064086914, 42.93095779418945]
[218.3646697998047, -37.314517974853516, 42.92947769165039]
[219.04702758789062, -36.755367279052734, 42.93022155761719]
[219.740234375, -36.20737838745117, 42.93062973022461]
[220.44471740722656, -35.67107391357422, 42.93149948120117]
[221.16000366210938, -35.14701843261719, 42.93144226074219]
[221.88575744628906, -34.63565444946289, 42.92268753051758]
[222.62400817871094, -34.139019012451172, 42.91659164428711]
[223.37542724609375, -33.65796661376953, 42.912010192871094]
[224.1387481689453, -33.192886352539062, 42.903717041015625]
[224.91221618652344, -31.74394416809082, 42.898948669433594]
[225.6947021484375, -31.311033248901367, 42.89543151855469]
[226.49014282226562, -31.89421272277832, 42.88752746582031]
[227.29684448242188, -31.497997283935547, 42.89129638671875]
[228.11280822753906, -31.11712646484375, 42.88405990600586]
[228.93568420410156, -30.755191802978516, 42.884857177734375]
[229.7697296142578, -30.412111282348633, 42.883628845214844]
[230.61090087890625, -30.09014892578125, 42.87589645385742]
[231.46380615234375, -26.789337158203125, 42.8726692199707]
[232.3258514404297, -26.515426635742188, 42.87553405761719]
[233.19674682617188, -26.262847900390625, 42.866432189941406]
[234.07144165039062, -26.034027099609375, 42.86238098144531]
[234.9556121826172, -25.829946517944336, 42.85573196411133]
[235.8463897705078, -25.653051376342773, 42.84011459350586]
[236.74610900878906, -25.507495880126953, 42.822853088378906]
[237.65028381347656, -25.39426040649414, 42.80766296386719]
[238.55908203125, -25.311511993408203, 42.78877258300781]
[239.47259521484375, -25.260053634643555, 42.7645263671875]
[240.388671875, -25.244155883789062, 42.75332260131836]
[241.30552673339844, -25.256004333496094, 42.73612976074219]
[242.22216796875, -25.296960830688477, 42.706764221191406]
[243.13941955566406, -25.37367057800293, 42.689544677734375]
[244.0559844970703, -25.4825496673584, 42.672969818115234]
[244.96844482421875, -25.620351791381836, 42.65885925292969]
[245.87689208984375, -25.784502029418945, 42.64796447753906]
[246.78118896484375, -25.976177215576172, 42.64936065673828]
[247.6805419921875, -26.193370819091797, 42.64986801147461]
[248.57044982910156, -26.432170867919922, 42.648948669433594]
[249.4558868408203, -26.69408416748047, 42.65422058105469]
[250.3340301513672, -26.98334503173828, 42.660865783691406]
[251.20700073242188, -27.2999210357666, 42.67594909667969]
[252.0706024169922, -27.636363983154297, 42.69037628173828]
[252.92715454101562, -27.990619659423828, 42.70268249511719]
[253.77459716796875, -28.36477279663086, 42.72215270996094]
[254.61495971679688, -28.758625030517578, 42.74358367919922]
[255.44715881347656, -29.17163848876953, 42.766510009765625]
[256.2705383300781, -29.601747512817383, 42.788883209228516]
[257.08551025390625, -30.04747200012207, 42.80816650390625]
[257.8918762207031, -30.511520385742188, 42.828704833984375]
[258.68963623046875, -30.99380874633789, 42.853851318359375]
[259.48004150390625, -31.48843765258789, 42.86916732788086]
[260.26287841796875, -31.99590301513672, 42.87679672241211]
[261.03680419921875, -32.51786422729492, 42.88611602783203]
[261.8023376464844, -33.05698776245117, 42.88810729980469]
[262.5574951171875, -33.613731384277344, 42.89267349243164]
[263.3045654296875, -34.18171310424805, 42.90605545043945]
[264.0457763671875, -34.757293701171875, 42.916507720947266]
[264.7806396484375, -35.3406867980957, 42.91874694824219]
[265.50738525390625, -35.935157775878906, 42.9192008972168]
[266.22509765625, -36.54380416870117, 42.92034912109375]
[266.9336853027344, -37.16447448730469, 42.92533874511719]
[267.6352233886719, -37.79290008544922, 42.926570892333984]
[268.3294982910156, -38.430137634277344, 42.92459487915039]
[269.01513671875, -39.07799530029297, 42.923500061035156]
[269.6922302246094, -39.735599517822266, 42.92638397216797]
[270.3617858886719, -40.40187454223633, 42.92899703979492]
[271.02386474609375, -41.074676513671875, 42.93169021606445]
[271.68035888671875, -41.754920959472656, 42.93313217163086]
[272.3296813964844, -42.44221878051758, 42.93406677246094]
[272.97265625, -43.13701629638672, 42.93788146972656]
[273.6091613769531, -43.83830261230469, 42.94611740112305]
[274.2403564453125, -44.543601989746094, 42.95353317260742]
[274.8680114746094, -45.2509765625, 42.9616813659668]
[275.4918518066406, -45.963890075683594, 42.964942932128906]
[276.1100158691406, -46.683074951171875, 42.96395492553711]
[276.7229919433594, -47.408267974853516, 42.962242126464844]
[277.33087158203125, -48.137939453125, 42.96144485473633]
[277.9346008300781, -48.87186050415039, 42.96112060546875]
[278.53436279296875, -49.6092529296875, 42.96104431152344]
[279.1306457519531, -50.35010528564453, 42.9608268737793]
[279.7234802246094, -51.0941047668457, 42.960636138916016]
[280.3131103515625, -51.8411750793457, 42.96047592163086]
[280.8996887207031, -52.59105682373047, 42.960391998291016]
[281.48345947265625, -53.343589782714844, 42.96028518676758]
[282.06451416015625, -54.0986213684082, 42.960182189941406]
[282.64306640625, -54.856056213378906, 42.96006774902344]
[283.2192077636719, -55.61571502685547, 42.95999526977539]
[283.79315185546875, -56.37750244140625, 42.959922790527344]
[284.36505126953125, -57.14125061035156, 42.959835052490234]
[284.9351501464844, -57.906761169433594, 42.9597282409668]
[285.503662109375, -58.67393112182617, 42.95960235595703]
[286.0708923339844, -59.442527770996094, 42.95945739746094]
[286.6370849609375, -60.21235275268555, 42.95930099487305]
[287.2025451660156, -60.98311233520508, 42.95915603637695]
[287.76763916015625, -61.75461959838867, 42.959007263183594]
[288.33270263671875, -62.526519775390625, 42.958858489990234]
[288.8980712890625, -63.29863357543945, 42.95869445800781]
[289.464111328125, -64.07056427001953, 42.95854187011719]
[290.0310974121094, -64.84217834472656, 42.958351135253906]
[290.599365234375, -65.61314392089844, 42.95820236206055]
[291.16925048828125, -66.3833236694336, 42.95806121826172]
[291.740966796875, -67.15240478515625, 42.957923889160156]
[292.3148193359375, -67.92021942138672, 42.95782470703125]
[292.8908996582031, -68.68655395507812, 42.95775604248047]
[293.4693603515625, -69.45134735107422, 42.95766830444336]
[294.05029296875, -70.2144775390625, 42.957618713378906]
[294.63372802734375, -70.9759292602539, 42.95759963989258]
[295.2197265625, -70.73564910888672, 42.95759582519531]
[295.80828857421875, -70.49365234375, 42.95756530761719]
[296.3994140625, -70.24996185302734, 42.957550048828125]
[296.9930725097656, -70.00460052490234, 42.9575309753418]
[297.5892028808594, -70.757568359375, 42.95758819580078]
[298.1877746582031, -70.50886535644531, 42.95762252807617]
[298.7880554199219, -70.25814819335938, 42.95856475830078]
[299.385986328125, -70.0013427734375, 42.96638870239258]
[299.9796142578125, -70.73602294921875, 42.97356414794922]
[300.2009582519531, -70.03950500488281, 42.56134033203125]
[301.1677551269531, -72.19007110595703, 42.997703552246094]
[301.7632141113281, -75.91207885742188, 43.00849914550781]
[302.35797119140625, -80.63018798828125, 43.025665283203125]
[302.9543762207031, -81.34186553955078, 43.043888092041016]
[303.5521545410156, -82.0489501953125, 43.0617561340332]
[304.1521911621094, -82.7534408569336, 43.08152389526367]
[304.7458801269531, -83.44581604003906, 43.102325439453125]
[305.3414611816406, -84.1363296508789, 43.12143325805664]
[305.9488525390625, -84.83582305908203, 43.14881134033203]
[306.56671142578125, -85.53904724121094, 43.179466247558594]
[307.1940612792969, -86.24420928955078, 43.21406936645508]
[307.83001708984375, -86.94673156738281, 43.253746032714844]
[308.4743347167969, -87.64700317382812, 43.29146957397461]
[309.1239929199219, -88.34695434570312, 43.32120895385742]
[309.77764892578125, -89.04632568359375, 43.35996627807617]
[310.43670654296875, -89.74308013916016, 43.40456771850586]
[311.10333251953125, -90.43263244628906, 43.444210052490234]
[311.7754821777344, -91.11421203613281, 43.47333526611328]
[312.4534606933594, -91.79278564453125, 43.507598876953125]
[313.1352844238281, -92.46942901611328, 43.543724060058594]
[313.8221740722656, -93.142578125, 43.564632415771484]
[314.5140380859375, -93.8089828491211, 43.594505310058594]
[315.2117919921875, -94.4724349975586, 43.6188850402832]
[315.9134521484375, -95.1331787109375, 43.64322280883789]
[316.6201477050781, -95.78868865966797, 43.66914749145508]
[317.3336181640625, -96.43546295166016, 43.696014404296875]
[318.05499267578125, -97.07646942138672, 43.72412109375]
[318.7816467285156, -97.7103500366211, 43.7522087097168]
[319.5136413574219, -98.33575439453125, 43.77473449707031]
[320.2497863769531, -98.95549011230469, 43.79905700683594]
[320.9894104003906, -99.57360076904297, 43.826995849609375]
[321.7335510253906, -100.18792724609375, 43.854087829589844]
[322.4825439453125, -100.79594421386719, 43.879661560058594]
[323.2348327636719, -101.39849090576172, 43.91120910644531]
[323.9892578125, -101.99677276611328, 43.9395637512207]
[324.7437438964844, -102.59092712402344, 43.97468948364258]
[325.4993896484375, -103.18397521972656, 44.00706481933594]
[326.2550964355469, -103.77915954589844, 44.04518127441406]
[327.0097351074219, -104.3758316040039, 44.083927154541016]
[327.7626647949219, -104.97309112548828, 44.11630630493164]
[328.51287841796875, -105.57117462158203, 44.15810775756836]
[329.2603454589844, -106.17445373535156, 44.19675064086914]
[330.00213623046875, -106.78466033935547, 44.22959899902344]
[330.7370910644531, -107.4017105102539, 44.26914978027344]
[331.4642333984375, -108.02800750732422, 44.31383514404297]
[332.1828918457031, -108.66411590576172, 44.349788665771484]
[332.88983154296875, -109.31046295166016, 44.392398834228516]
[333.58416748046875, -109.97079467773438, 44.42932891845703]
[334.2633056640625, -110.64574432373047, 44.47138595581055]
[334.9267578125, -111.33692169189453, 44.511016845703125]
[335.57086181640625, -112.04508209228516, 44.54888153076172]
[336.1929626464844, -112.77037048339844, 44.58573913574219]
[336.7908630371094, -113.51607513427734, 44.61870574951172]
[337.359130859375, -114.28443908691406, 44.65033721923828]
[337.89373779296875, -115.07539367675781, 44.685768127441406]
[338.3940734863281, -115.88691711425781, 44.717010498046875]
[338.85955810546875, -116.71990966796875, 44.73488235473633]
[339.281982421875, -117.57584381103516, 44.752506256103516]
[339.6587829589844, -118.45398712158203, 44.7709846496582]
[339.9906005859375, -119.35221862792969, 44.78034210205078]
[340.2767639160156, -120.26776885986328, 44.7844352722168]
[340.5167541503906, -121.1983871459961, 44.77839279174805]
[340.7046203613281, -122.14344024658203, 44.773719787597656]
[340.8431091308594, -123.09972381591797, 44.763389587402344]
[340.9311828613281, -124.06419372558594, 44.758583068847656]
[340.9763488769531, -125.03236389160156, 44.74911880493164]
[340.97808837890625, -126.00088500976562, 44.74637985229492]
[340.93798828125, -126.97017669677734, 44.74345779418945]
[340.85565185546875, -127.9368667602539, 44.74100875854492]
[340.7378845214844, -128.90008544921875, 44.73003387451172]
[340.583984375, -129.85928344726562, 44.70812225341797]
[340.39984130859375, -130.8141632080078, 44.66445541381836]
[340.1767272949219, -131.76243591308594, 44.62710189819336]
[339.92156982421875, -132.70513916015625, 44.58426284790039]
[339.623779296875, -133.6370849609375, 44.57366180419922]
[339.3009033203125, -134.56005859375, 44.56556701660156]
[338.959228515625, -135.4732666015625, 44.567256927490234]
[338.59588623046875, -136.376953125, 44.58079147338867]
[338.213623046875, -137.27073669433594, 44.58757019042969]
[337.8101501464844, -138.15237426757812, 44.60074996948242]
[337.38128662109375, -139.02200317382812, 44.63085174560547]
[336.9314880371094, -139.87974548339844, 44.668426513671875]
[336.46392822265625, -140.725830078125, 44.701114654541016]
[335.9771423339844, -141.55740356445312, 44.74631881713867]
[335.4730529785156, -142.3779296875, 44.78430938720703]
[334.9464416503906, -143.18603515625, 44.82054138183594]
[334.39752197265625, -143.98052978515625, 44.85923385620117]
[333.829833984375, -144.76266479492188, 44.899906158447266]
[333.24810791015625, -145.53431701660156, 44.93771743774414]
[332.6527099609375, -146.29608154296875, 44.97119140625]
[332.0427551269531, -147.04672241210938, 45.005096435546875]
[331.4193420410156, -147.78726196289062, 45.034698486328125]
[330.7821350097656, -148.5161590576172, 45.07255554199219]
[330.1341247558594, -149.2362060546875, 45.1010856628418]
[329.47607421875, -149.9455108642578, 45.136844635009766]
[328.80804443359375, -150.64620971679688, 45.16935729980469]
[328.1286926269531, -151.33775329589844, 45.20064926147461]
[327.441162109375, -152.01968383789062, 45.243324279785156]
[326.67315673828125, -152.77337646484375, 45.27440643310547]
[325.9754943847656, -153.4456329345703, 45.30988693237305]
[325.2717590332031, -154.11239624023438, 45.340267181396484]
[324.564697265625, -154.7758331298828, 45.36475372314453]
[323.85296630859375, -155.4344940185547, 45.400962829589844]
[323.13922119140625, -156.09158325195312, 45.42453384399414]
[322.4246520996094, -156.74632263183594, 45.44774627685547]
[321.70513916015625, -157.3983917236328, 45.471038818359375]
[320.98382568359375, -158.04884338378906, 45.49760437011719]
[320.2641906738281, -158.70155334472656, 45.515403747558594]
[319.54461669921875, -159.35350036621094, 45.53070831298828]
[318.82525634765625, -160.00538635253906, 45.538299560546875]
[318.1031799316406, -160.6566162109375, 45.55120849609375]
[317.3785095214844, -161.3077850341797, 45.568912506103516]
[316.6578063964844, -161.9610137939453, 45.57740783691406]
[315.94110107421875, -162.61732482910156, 45.584625244140625]
[315.22491455078125, -163.27529907226562, 45.5907096862793]
[314.50750732421875, -163.93495178222656, 45.589473724365234]
[313.7905578613281, -164.59542846679688, 45.58782196044922]
[313.0750427246094, -165.25674438476562, 45.58686447143555]
[312.3603820800781, -165.9193572998047, 45.58600997924805]
[311.646484375, -166.58375549316406, 45.58559799194336]
[310.9354553222656, -167.25003051757812, 45.57835388183594]
[310.22540283203125, -167.91903686523438, 45.566749572753906]
[309.5127868652344, -168.58831787109375, 45.560359954833984]
[308.80206298828125, -169.25814819335938, 45.554107666015625]
[308.0956726074219, -169.92933654785156, 45.540523529052734]
[307.38909912109375, -170.60072326660156, 45.5286750793457]
[306.6805419921875, -171.272216796875, 45.51614761352539]
[305.9697265625, -171.94410705566406, 45.495296478271484]
[305.2578125, -172.61476135253906, 45.47590637207031]
[304.5477600097656, -173.28651428222656, 45.46682357788086]
[303.8392333984375, -173.95974731445312, 45.44758987426758]
[303.1330261230469, -174.6327362060547, 45.429874420166016]
[302.4245910644531, -175.30462646484375, 45.405757904052734]
[301.7113342285156, -175.97303771972656, 45.3828125]
[300.9946594238281, -176.6389617919922, 45.364776611328125]
[300.2772521972656, -177.3045196533203, 45.34422302246094]
[299.5599365234375, -177.9698028564453, 45.32261276245117]
[298.84210205078125, -178.6343536376953, 45.299644470214844]
[298.122802734375, -179.29739379882812, 45.27642059326172]
[297.4013977050781, -179.9582977294922, 45.25359344482422]
[296.67791748046875, -180.61700439453125, 45.23078918457031]
[295.9521484375, -181.27340698242188, 45.208587646484375]
[295.2237243652344, -181.92759704589844, 45.190040588378906]
[294.49420166015625, -182.578857421875, 45.165489196777344]
[293.7627258300781, -183.2278289794922, 45.14229965209961]
[293.0272216796875, -183.87376403808594, 45.119266510009766]
[292.28741455078125, -184.51651000976562, 45.09516525268555]
[291.547607421875, -185.15667724609375, 45.06635665893555]
[290.80560302734375, -185.79527282714844, 45.02978515625]
[290.0569152832031, -186.4291229248047, 44.99938201904297]
[289.3038024902344, -187.05870056152344, 44.97085952758789]
[288.5514221191406, -187.68482971191406, 44.93989181518555]
[287.7969055175781, -188.306884765625, 44.90908432006836]
[287.03802490234375, -188.9272003173828, 44.876434326171875]
[286.2753601074219, -189.5445098876953, 44.83469009399414]
[285.50885009765625, -190.1562957763672, 44.79031753540039]
[284.7382507324219, -190.76400756835938, 44.744102478027344]
[283.96533203125, -191.3665313720703, 44.6898193359375]
[283.186767578125, -191.9639892578125, 44.639015197753906]
[282.40167236328125, -192.55555725097656, 44.5902099609375]
[281.6130065917969, -193.14266967773438, 44.538597106933594]
[280.8240966796875, -193.72540283203125, 44.485599517822266]
[280.0311279296875, -194.30557250976562, 44.43450927734375]
[279.23297119140625, -194.88014221191406, 44.38756561279297]
[278.43359375, -195.4503631591797, 44.3317985534668]
[277.6309509277344, -196.01519775390625, 44.27935791015625]
[276.82208251953125, -196.57383728027344, 44.241607666015625]
[276.0099792480469, -197.12664794921875, 44.198726654052734]
[275.1965026855469, -197.67539978027344, 44.16447448730469]
[274.3791809082031, -198.21929931640625, 44.142333984375]
[273.5608215332031, -198.75987243652344, 44.1195182800293]
[272.7432861328125, -199.29786682128906, 44.09780502319336]
[271.9231872558594, -199.83192443847656, 44.077552795410156]
[271.09881591796875, -200.36306762695312, 44.06241989135742]
[270.2735290527344, -200.88966369628906, 44.04201126098633]
[269.44732666015625, -201.41354370117188, 44.02924728393555]
[268.62054443359375, -201.9369659423828, 44.023502349853516]
[267.7936706542969, -202.45863342285156, 44.00405502319336]
[266.9659423828125, -202.9804229736328, 43.99672317504883]
[266.13812255859375, -203.5031280517578, 43.996925354003906]
[265.3124084472656, -204.02906799316406, 43.98790740966797]
[264.4908752441406, -204.5577392578125, 43.98884582519531]
[263.6718444824219, -205.08860778808594, 43.99751281738281]
[262.8552551269531, -205.6224822998047, 44.00277328491211]
[262.04351806640625, -206.1609649658203, 44.0263786315918]
[261.2356872558594, -206.7059783935547, 44.03825378417969]
[260.4327392578125, -207.25758361816406, 44.0528564453125]
[259.6346130371094, -207.81492614746094, 44.072532653808594]
[258.8414611816406, -208.37864685058594, 44.08871078491211]
[258.0537414550781, -208.94949340820312, 44.110626220703125]
[257.27227783203125, -209.52774047851562, 44.13665008544922]
[256.4971923828125, -210.1144561767578, 44.15873718261719]
[255.72865295410156, -210.7091522216797, 44.180908203125]
[254.9667205810547, -211.3110809326172, 44.20228576660156]
[254.20968627929688, -211.9200897216797, 44.219078063964844]
[253.45782470703125, -212.53611755371094, 44.2431526184082]
[252.7131805419922, -213.16098022460938, 44.266353607177734]
[251.97703552246094, -213.79629516601562, 44.29774475097656]
[251.2515411376953, -214.4425048828125, 44.33308029174805]
[250.5398406982422, -215.09983825683594, 44.36575698852539]
[249.84088134765625, -215.76812744140625, 44.401058197021484]
[249.15069580078125, -216.44644165039062, 44.44392395019531]
[248.4683380126953, -217.1355743408203, 44.4868049621582]
[247.8000946044922, -217.83546447753906, 44.536582946777344]
[247.14755249023438, -218.54852294921875, 44.58272171020508]
[246.5128173828125, -219.27455139160156, 44.63087463378906]
[245.8896484375, -220.01251220703125, 44.672325134277344]
[245.278076171875, -220.7605438232422, 44.71893310546875]
[244.6803436279297, -221.5186004638672, 44.77753448486328]
[244.09925842285156, -222.28909301757812, 44.826473236083984]
[243.53787231445312, -223.07127380371094, 44.87610626220703]
[242.98995971679688, -223.86534118652344, 44.924556732177734]
[242.45468139648438, -224.66717529296875, 44.969078063964844]
[241.93272399902344, -225.47799682617188, 44.99666213989258]
[241.42286682128906, -226.2962646484375, 45.039920806884766]
[240.91831970214844, -227.12303161621094, 45.06740951538086]
[240.42642211914062, -227.95590209960938, 45.099910736083984]
[239.94715881347656, -228.79617309570312, 45.132301330566406]
[239.47848510742188, -229.64285278320312, 45.158241271972656]
[239.0194091796875, -230.49444580078125, 45.18526077270508]
[238.5680694580078, -231.35043334960938, 45.197200775146484]
[238.12010192871094, -232.2105712890625, 45.22024917602539]
[237.6772003173828, -233.07479858398438, 45.2475471496582]
[237.24351501464844, -233.9422149658203, 45.26340866088867]
[236.8173065185547, -234.81077575683594, 45.27939987182617]
[236.39178466796875, -235.68016052246094, 45.29962158203125]
[235.96250915527344, -236.54942321777344, 45.31447982788086]
[235.5289764404297, -237.41720581054688, 45.33259201049805]
[235.09115600585938, -238.28211975097656, 45.36227035522461]
[234.6497802734375, -239.14340209960938, 45.378597259521484]
[234.1990203857422, -239.9964599609375, 45.40846633911133]
[233.73410034179688, -240.83924865722656, 45.437862396240234]
[233.24986267089844, -241.66928100585938, 45.459842681884766]
[232.73931884765625, -242.4793243408203, 45.491729736328125]
[232.19735717773438, -243.26759338378906, 45.52688217163086]
[231.62380981445312, -244.0282745361328, 45.570335388183594]
[231.01861572265625, -244.7607879638672, 45.606380462646484]
[230.37583923339844, -245.45596313476562, 45.65016555786133]
[229.69529724121094, -246.1107635498047, 45.69009017944336]
[228.9762725830078, -246.71603393554688, 45.73119354248047]
[228.221923828125, -247.27052307128906, 45.77159881591797]
[227.43218994140625, -247.7703094482422, 45.809120178222656]
[226.6125030517578, -248.20289611816406, 45.860687255859375]
[225.77548217773438, -248.5648956298828, 45.94139862060547]
[224.91981506347656, -248.8809051513672, 45.98574447631836]
[224.07887268066406, -249.12046813964844, 46.04494857788086]
[223.2715606689453, -249.30734252929688, 46.11129379272461]
[222.50132751464844, -249.46847534179688, 46.13032531738281]
[221.8098907470703, -249.5496368408203, 46.193199157714844]
[221.17478942871094, -249.58973693847656, 46.262664794921875]
[220.58029174804688, -249.6256866455078, 46.28057861328125]
[220.05201721191406, -249.63607788085938, 46.30096435546875]
[219.58941650390625, -249.59608459472656, 46.33955383300781]
[219.1839599609375, -249.5336456298828, 46.360294342041016]
[218.83737182617188, -249.45394897460938, 46.36377716064453]
[218.55604553222656, -249.33184814453125, 46.37310028076172]
[218.3324737548828, -249.16368103027344, 46.376522064208984]
[218.15298461914062, -248.96551513671875, 46.362518310546875]
[218.0045623779297, -248.7574005126953, 46.341217041015625]
[217.86875915527344, -248.54623413085938, 46.321083068847656]
[217.7446746826172, -248.32411193847656, 46.30903244018555]
[217.62344360351562, -248.0817108154297, 46.292476654052734]
[217.4915771484375, -247.78758239746094, 46.26832580566406]
[217.3553924560547, -247.4374237060547, 46.24291229248047]
[217.21475219726562, -247.0267333984375, 46.21305847167969]
[217.08067321777344, -246.55543518066406, 46.182437896728516]
[216.96018981933594, -246.02761840820312, 46.149818420410156]
[216.85536193847656, -245.44464111328125, 46.114173889160156]
[216.76516723632812, -244.8065948486328, 46.07792663574219]
[216.6919708251953, -244.11402893066406, 46.047508239746094]
[216.63162231445312, -243.36781311035156, 46.01311492919922]
[216.57955932617188, -242.5673370361328, 45.97414779663086]
[216.53346252441406, -241.71505737304688, 45.955078125]
[216.4833526611328, -240.82215881347656, 45.944183349609375]
[216.42901611328125, -239.90419006347656, 45.92628479003906]
[216.37474060058594, -238.9691925048828, 45.912208557128906]
[216.32252502441406, -238.0242462158203, 45.911705017089844]
[216.2724151611328, -237.07371520996094, 45.91435241699219]
[216.22756958007812, -236.12030029296875, 45.91579055786133]
[216.19384765625, -235.16265869140625, 45.91838836669922]
[216.1725311279297, -234.20159912109375, 45.91437530517578]
[216.1657257080078, -233.23866271972656, 45.912078857421875]
[216.17269897460938, -232.27609252929688, 45.90847396850586]
[216.19540405273438, -231.3117218017578, 45.89628219604492]
[216.2357177734375, -230.3463897705078, 45.88886642456055]
[216.28857421875, -229.38124084472656, 45.878440856933594]
[216.35458374023438, -228.41676330566406, 45.86241912841797]
[216.4359130859375, -227.45272827148438, 45.843746185302734]
[216.5307159423828, -226.48968505859375, 45.82107925415039]
[216.63916015625, -225.5267791748047, 45.7913818359375]
[216.7604522705078, -224.5647735595703, 45.769161224365234]
[216.8905792236328, -223.6016387939453, 45.748172760009766]
[217.02667236328125, -222.64093017578125, 45.72161102294922]
[217.1656951904297, -221.68252563476562, 45.69953536987305]
[217.3092498779297, -220.7225341796875, 45.675716400146484]
[217.45553588867188, -219.7601318359375, 45.657989501953125]
[217.59751892089844, -218.7986297607422, 45.63740921020508]
[217.73297119140625, -217.83872985839844, 45.61243438720703]
[217.86471557617188, -216.8779296875, 45.591224670410156]
[217.9925537109375, -215.9167938232422, 45.570152282714844]
[218.10914611816406, -214.95159912109375, 45.546443939208984]
[218.21327209472656, -213.98414611816406, 45.52711486816406]
[218.3057861328125, -213.0200958251953, 45.50724411010742]
[218.38601684570312, -212.058837890625, 45.479888916015625]
[218.4554443359375, -211.08932495117188, 45.45676803588867]
[218.51318359375, -210.11767578125, 45.43558120727539]
[218.55712890625, -209.15060424804688, 45.408756256103516]
[218.5872344970703, -208.18568420410156, 45.3759765625]
[218.60394287109375, -207.2139892578125, 45.34565734863281]
[218.60748291015625, -206.2413330078125, 45.32220458984375]
[218.59609985351562, -205.27606201171875, 45.29366683959961]
[218.57061767578125, -204.31228637695312, 45.26944351196289]
[218.53492736816406, -203.33876037597656, 45.24665069580078]
[218.48768615722656, -202.36856079101562, 45.21910858154297]
[218.4275360107422, -201.4071502685547, 45.19028854370117]
[218.3531494140625, -200.44003295898438, 45.159271240234375]
[218.26620483398438, -199.47021484375, 45.13521194458008]
[218.1682891845703, -198.5106964111328, 45.11393356323242]
[218.0579071044922, -197.55345153808594, 45.08674240112305]
[217.93760681152344, -196.58802795410156, 45.06378173828125]
[217.81063842773438, -195.62542724609375, 45.039939880371094]
[217.67547607421875, -194.6702423095703, 45.01234436035156]
[217.52989196777344, -193.7133026123047, 44.980567932128906]
[217.375, -192.75274658203125, 44.94837951660156]
[217.21292114257812, -191.79722595214844, 44.92144012451172]
[217.04342651367188, -190.84669494628906, 44.90374755859375]
[216.86471557617188, -189.89576721191406, 44.879432678222656]
[216.6768798828125, -188.94564819335938, 44.85122299194336]
[216.4862823486328, -187.99734497070312, 44.82682418823242]
[216.29344177246094, -187.04627990722656, 44.80352020263672]
[216.09519958496094, -186.09527587890625, 44.77521514892578]
[215.89158630371094, -185.14759826660156, 44.745758056640625]
[215.68284606933594, -184.20326232910156, 44.72195053100586]
[215.4691619873047, -183.26014709472656, 44.69889450073242]
[215.2491455078125, -182.31483459472656, 44.67560577392578]
[215.02444458007812, -181.37351989746094, 44.6513557434082]
[214.79928588867188, -180.43402099609375, 44.62453842163086]
[214.57456970214844, -179.4906463623047, 44.59651184082031]
[214.3496551513672, -178.54458618164062, 44.56827926635742]
[214.12344360351562, -177.60142517089844, 44.5416259765625]
[213.8948974609375, -176.6627960205078, 44.512794494628906]
[213.66336059570312, -175.7235107421875, 44.4849739074707]
[213.42904663085938, -174.77920532226562, 44.46548843383789]
[213.19302368164062, -173.8390350341797, 44.442203521728516]
[212.9549560546875, -172.9059600830078, 44.4169807434082]
[212.7176055908203, -171.96705627441406, 44.39057540893555]
[212.48214721679688, -171.02081298828125, 44.36560821533203]
[212.24705505371094, -170.0811767578125, 44.33873748779297]
[212.01023864746094, -169.1463623046875, 44.31025695800781]
[211.76919555664062, -168.20416259765625, 44.28715515136719]
[211.5265350341797, -167.26292419433594, 44.265769958496094]
[211.28277587890625, -166.33082580566406, 44.24101638793945]
[211.03726196289062, -165.397216796875, 44.216461181640625]
[210.7935333251953, -164.45242309570312, 44.196224212646484]
[210.55274963378906, -163.515380859375, 44.1817741394043]
[210.31007385253906, -162.58309936523438, 44.156517028808594]
[210.06472778320312, -161.64425659179688, 44.14623260498047]
[209.8189697265625, -160.70480346679688, 44.129180908203125]
[209.5748291015625, -159.7730712890625, 44.12177658081055]
[209.3310546875, -158.8397216796875, 44.10365295410156]
[209.087646484375, -157.8987274169922, 44.09242248535156]
[208.8471221923828, -156.96109008789062, 44.08804702758789]
[208.60830688476562, -156.0275421142578, 44.077449798583984]
[208.36936950683594, -155.0919189453125, 44.071311950683594]
[208.13011169433594, -154.1512908935547, 44.06161117553711]
[207.8968963623047, -153.21441650390625, 44.053810119628906]
[207.66880798339844, -152.27963256835938, 44.05140686035156]
[207.44190979003906, -151.33505249023438, 44.050418853759766]
[207.2165069580078, -150.3921661376953, 44.056182861328125]
[206.9915771484375, -149.4563446044922, 44.05380630493164]
[206.76988220214844, -148.5195770263672, 44.04703903198242]
[206.55209350585938, -147.57308959960938, 44.04222106933594]
[206.33946228027344, -146.62977600097656, 44.044837951660156]
[206.13014221191406, -145.69091796875, 44.04185485839844]
[205.92074584960938, -144.74508666992188, 44.04655456542969]
[205.7096710205078, -143.79588317871094, 44.063941955566406]
[205.49534606933594, -142.85520935058594, 44.0650634765625]
[205.27371215820312, -141.91929626464844, 44.063812255859375]
[205.044921875, -140.9735565185547, 44.05991744995117]
[204.8129119873047, -140.031005859375, 44.05183029174805]
[204.57376098632812, -139.09864807128906, 44.04916000366211]
[204.31968688964844, -138.1614227294922, 44.0465202331543]
[204.05206298828125, -137.226806640625, 44.046295166015625]
[203.77139282226562, -136.30152893066406, 44.04568099975586]
[203.47384643554688, -135.3840789794922, 44.039154052734375]
[203.15744018554688, -134.46693420410156, 44.02891159057617]
[202.8281707763672, -133.55506896972656, 44.017662048339844]
[202.48678588867188, -132.65371704101562, 44.008445739746094]
[202.12811279296875, -131.75770568847656, 43.99516677856445]
[201.75096130371094, -130.86097717285156, 43.99356460571289]
[201.3607177734375, -129.97454833984375, 43.9918212890625]
[200.9556884765625, -129.10311889648438, 43.984615325927734]
[200.53160095214844, -128.2347869873047, 43.98067855834961]
[200.0923614501953, -127.37060546875, 43.97487258911133]
[199.6396484375, -126.51588439941406, 43.975059509277344]
[199.171142578125, -125.67123413085938, 43.98253631591797]
[198.6842498779297, -124.83767700195312, 43.9765625]
[198.1765594482422, -124.0142593383789, 43.97319412231445]
[197.65097045898438, -123.20161437988281, 43.980403900146484]
[197.10821533203125, -122.40121459960938, 43.99119567871094]
[196.5417938232422, -121.61640930175781, 44.00061798095703]
[195.95266723632812, -120.85260772705078, 44.01918029785156]
[195.33807373046875, -120.10537719726562, 44.03505325317383]
[194.69921875, -119.38404083251953, 44.05596923828125]
[194.0343475341797, -118.68490600585938, 44.07568359375]
[193.34422302246094, -118.0118408203125, 44.1045036315918]
[192.6287384033203, -117.3652572631836, 44.12714385986328]
[191.88748168945312, -116.7515869140625, 44.15209197998047]
[191.1226043701172, -116.16748809814453, 44.17469787597656]
[190.3329315185547, -115.61500549316406, 44.191253662109375]
[189.5196990966797, -115.10100555419922, 44.22148513793945]
[188.68289184570312, -114.62126922607422, 44.24508285522461]
[187.82742309570312, -114.18551635742188, 44.263832092285156]
[186.9561004638672, -113.79449462890625, 44.28452682495117]
[186.07403564453125, -113.44424438476562, 44.30207061767578]
[185.18182373046875, -113.13797760009766, 44.321266174316406]
[184.281982421875, -112.87260437011719, 44.339080810546875]
[183.3668212890625, -112.64818572998047, 44.35288619995117]
[182.41275024414062, -112.45889282226562, 44.36277389526367]
[181.4532470703125, -112.31311798095703, 44.37581253051758]
[180.4915008544922, -112.2118148803711, 44.39430618286133]
[179.5205535888672, -112.15288543701172, 44.412906646728516]
[178.55569458007812, -112.13851928710938, 44.42377853393555]
[177.587646484375, -112.16995239257812, 44.43888473510742]
[176.6225128173828, -112.24433898925781, 44.44620895385742]
[175.66213989257812, -112.36418914794922, 44.456031799316406]
[174.705810546875, -112.526611328125, 44.456787109375]
[173.76132202148438, -112.73591613769531, 44.453983306884766]
[172.82557678222656, -112.99072265625, 44.45296096801758]
[171.9026336669922, -113.2896728515625, 44.448974609375]
[170.9964141845703, -113.6352767944336, 44.45070266723633]
[170.1094970703125, -114.0235824584961, 44.45253372192383]
[169.2455596923828, -114.45934295654297, 44.44968795776367]
[168.40525817871094, -114.94308471679688, 44.44227600097656]
[167.5899200439453, -115.47171020507812, 44.427001953125]
[166.8052978515625, -116.04337310791016, 44.40165710449219]
[166.05831909179688, -116.65863800048828, 44.372859954833984]
[165.3447723388672, -117.31490325927734, 44.351863861083984]
[164.6649627685547, -118.00770568847656, 44.326637268066406]
[164.02496337890625, -118.73540496826172, 44.299686431884766]
[163.42469787597656, -119.49600982666016, 44.272972106933594]
[162.8642120361328, -120.28704833984375, 44.25197982788086]
[162.34063720703125, -121.10299682617188, 44.22803497314453]
[161.85459899902344, -121.94011688232422, 44.19453811645508]
[161.40484619140625, -122.79898071289062, 44.17060470581055]
[160.98419189453125, -123.67596435546875, 44.14475631713867]
[160.59524536132812, -124.56658172607422, 44.103599548339844]
[160.24197387695312, -125.47027587890625, 44.06645584106445]
[159.9148712158203, -126.3874740600586, 44.02289962768555]
[159.61334228515625, -127.3141098022461, 43.97766876220703]
[159.34030151367188, -128.2484130859375, 43.9302864074707]
[159.0950164794922, -129.19371032714844, 43.88932800292969]
[158.87741088867188, -130.1436767578125, 43.840301513671875]
[158.68746948242188, -131.09707641601562, 43.78421401977539]
[158.5201873779297, -132.0575714111328, 43.731571197509766]
[158.37042236328125, -133.0232391357422, 43.67258834838867]
[158.23861694335938, -133.9881134033203, 43.61255645751953]
[158.1233673095703, -134.9556121826172, 43.56022644042969]
[158.0204620361328, -135.92698669433594, 43.50564193725586]
[157.9285888671875, -136.89828491210938, 43.455265045166016]
[157.84552001953125, -137.8685760498047, 43.423439025878906]
[157.7689666748047, -138.8386688232422, 43.392303466796875]
[157.695556640625, -139.80967712402344, 43.3696403503418]
[157.62416076660156, -140.778076171875, 43.35994338989258]
[157.5509796142578, -141.74549865722656, 43.3529167175293]
[157.4711151123047, -142.71200561523438, 43.352195739746094]
[157.38125610351562, -143.6774139404297, 43.35800552368164]
[157.27932739257812, -144.64077758789062, 43.36378479003906]
[157.1623077392578, -145.60145568847656, 43.36946105957031]
[157.02528381347656, -146.5575408935547, 43.389015197753906]
[156.8684844970703, -147.50918579101562, 43.40228271484375]
[156.68577575683594, -148.455078125, 43.41506576538086]
[156.47161865234375, -149.39324951171875, 43.436607360839844]
[156.2244415283203, -150.32208251953125, 43.45414733886719]
[155.94244384765625, -151.23910522460938, 43.46706008911133]
[155.6194305419922, -152.14236450195312, 43.47954559326172]
[155.25048828125, -153.02615356445312, 43.502105712890625]
[154.83836364746094, -153.8897705078125, 43.519351959228516]
[154.3807830810547, -154.7276153564453, 43.53912353515625]
[153.8769989013672, -155.5389862060547, 43.55839538574219]
[153.3220672607422, -156.31187438964844, 43.5914306640625]
[152.71844482421875, -157.04080200195312, 43.644466400146484]
[152.06976318359375, -157.7263641357422, 43.71675109863281]
[151.3842315673828, -158.37733459472656, 43.78719711303711]
[150.66554260253906, -158.98727416992188, 43.8709716796875]
[149.91909790039062, -159.56068420410156, 43.94120407104492]
[149.14369201660156, -160.09259033203125, 43.997467041015625]
[148.3392791748047, -160.57717895507812, 44.0535888671875]
[147.51429748535156, -161.01039123535156, 44.098270416259766]
[146.65985107421875, -161.39129638671875, 44.14208984375]
[145.77809143066406, -161.7118682861328, 44.19599151611328]
[144.88023376464844, -161.98312377929688, 44.23226547241211]
[143.9722137451172, -162.20567321777344, 44.2448616027832]
[143.06056213378906, -162.36712646484375, 44.24659729003906]
[142.13299560546875, -162.43162536621094, 44.29607009887695]
[141.2028350830078, -162.4178466796875, 44.37453842163086]
[140.27227783203125, -162.3502197265625, 44.441429138183594]
[139.3395538330078, -162.22747802734375, 44.4939079284668]
[138.4129180908203, -162.04112243652344, 44.55107498168945]
[137.49591064453125, -161.80010986328125, 44.604576110839844]
[136.58908081054688, -161.50823974609375, 44.649234771728516]
[135.69464111328125, -161.16783142089844, 44.68566131591797]
[134.81582641601562, -160.77789306640625, 44.725555419921875]
[133.954833984375, -160.3452606201172, 44.76668930053711]
[133.110595703125, -159.8782958984375, 44.8033447265625]
[132.28335571289062, -159.38174438476562, 44.838077545166016]
[131.4730224609375, -158.85653686523438, 44.8589973449707]
[130.68272399902344, -158.301513671875, 44.88498306274414]
[129.91134643554688, -157.7183837890625, 44.90934753417969]
[129.1599884033203, -157.11029052734375, 44.92853546142578]
[128.42808532714844, -156.47998046875, 44.94336700439453]
[127.71892547607422, -155.8248748779297, 44.96053695678711]
[127.03086853027344, -155.1449737548828, 44.965030670166016]
[126.36809539794922, -154.44113159179688, 44.97637939453125]
[125.72898864746094, -153.7136993408203, 44.99045181274414]
[125.11326599121094, -152.96871948242188, 44.988075256347656]
[124.5237808227539, -152.20205688476562, 44.97776794433594]
[123.967529296875, -151.41058349609375, 44.97721481323242]
[123.4398422241211, -150.5972137451172, 44.9679069519043]
[122.94404602050781, -149.76480102539062, 44.95335388183594]
[122.48168182373047, -148.912109375, 44.9530143737793]
[122.04681396484375, -148.0458221435547, 44.93360137939453]
[121.64585876464844, -147.163818359375, 44.907264709472656]
[121.28248596191406, -146.26417541503906, 44.88713836669922]
[120.95514678955078, -145.35012817382812, 44.86146545410156]
[120.66130065917969, -144.4217987060547, 44.83308410644531]
[120.40951538085938, -143.48289489746094, 44.838504791259766]
[120.18209075927734, -142.5418243408203, 44.81683349609375]
[119.98290252685547, -141.59861755371094, 44.786170959472656]
[119.82487487792969, -140.64599609375, 44.74851989746094]
[119.71055603027344, -139.687744140625, 44.6966552734375]
[119.63990783691406, -138.72377014160156, 44.62562942504883]
[119.6283187866211, -137.7555694580078, 44.56858444213867]
[119.6641845703125, -136.79039001464844, 44.512210845947266]
[119.74797821044922, -135.82943725585938, 44.45744705200195]
[119.88257598876953, -134.87857055664062, 44.413963317871094]
[120.06287384033203, -133.94078063964844, 44.3643913269043]
[120.28762817382812, -133.01881408691406, 44.305850982666016]
[120.56358337402344, -132.11602783203125, 44.24339294433594]
[120.89763641357422, -131.2342987060547, 44.18431854248047]
[121.28913879394531, -130.3758544921875, 44.13985824584961]
[121.73007202148438, -129.5323486328125, 44.0876350402832]
[122.21472930908203, -128.71713256835938, 44.041133880615234]
[122.74059295654297, -127.91795349121094, 43.99271774291992]
[123.30408477783203, -127.13198852539062, 43.95120620727539]
[123.89452362060547, -126.35761260986328, 43.90423583984375]
[124.50788116455078, -125.59814453125, 43.86552429199219]
[125.14049530029297, -124.85143280029297, 43.828514099121094]
[125.79031372070312, -124.11683654785156, 43.79209518432617]
[126.4564437866211, -123.39366149902344, 43.763221740722656]
[127.13261413574219, -122.68277740478516, 43.72673416137695]
[127.81932067871094, -121.98297882080078, 43.693946838378906]
[128.51885986328125, -121.29374694824219, 43.66729736328125]
[129.22727966308594, -120.61283111572266, 43.628501892089844]
[129.9445343017578, -119.94114685058594, 43.600765228271484]
[130.66864013671875, -119.27770233154297, 43.57050323486328]
[131.39938354492188, -118.62252807617188, 43.53524398803711]
[132.13638305664062, -117.97557830810547, 43.50193405151367]
[132.8798370361328, -117.33421325683594, 43.47767639160156]
[133.62832641601562, -116.69685363769531, 43.44504165649414]
[134.38027954101562, -116.06615447998047, 43.41421127319336]
[135.13499450683594, -115.44017028808594, 43.39008331298828]
[135.89288330078125, -114.81719970703125, 43.36822509765625]
[136.65321350097656, -114.19697570800781, 43.3498649597168]
[137.41458129882812, -113.57994079589844, 43.32775115966797]
[138.17779541015625, -112.96590423583984, 43.3087043762207]
[138.9431610107422, -112.35405731201172, 43.29019546508789]
[139.7106475830078, -111.74547576904297, 43.26845169067383]
[140.48095703125, -111.13929748535156, 43.250404357910156]
[141.252685546875, -110.5357437133789, 43.22882843017578]
[142.02622985839844, -109.93468475341797, 43.211814880371094]
[142.8011932373047, -109.33500671386719, 43.19375228881836]
[143.5765838623047, -108.7370834350586, 43.18088912963867]
[144.35284423828125, -108.14014434814453, 43.16100311279297]
[145.12973022460938, -107.54468536376953, 43.150386810302734]
[145.90762329101562, -106.95093536376953, 43.13483428955078]
[146.68569946289062, -106.357666015625, 43.12044906616211]
[147.46551513671875, -105.76585388183594, 43.107791900634766]
[148.24574279785156, -105.17434692382812, 43.09364318847656]
[149.02587890625, -104.58248901367188, 43.085060119628906]
[149.8054656982422, -103.9905776977539, 43.0800666809082]
[150.5817413330078, -103.3971176147461, 43.07695770263672]
[151.35675048828125, -102.80323028564453, 43.06899642944336]
[152.1326904296875, -102.20951080322266, 43.06975555419922]
[152.90924072265625, -101.61554718017578, 43.07141876220703]
[153.6828155517578, -101.02056884765625, 43.069091796875]
[154.454345703125, -100.42388916015625, 43.0627555847168]
[155.22677612304688, -99.82730865478516, 43.06568145751953]
[156.00132751464844, -99.23069763183594, 43.064300537109375]
[156.77313232421875, -98.63294982910156, 43.067989349365234]
[157.5418243408203, -98.03235626220703, 43.072200775146484]
[158.30882263183594, -97.42981719970703, 43.074073791503906]
[159.07525634765625, -96.82720947265625, 43.07625961303711]
[159.84219360351562, -96.224365234375, 43.07754898071289]
[160.6092071533203, -95.62102508544922, 43.07843017578125]
[161.3754425048828, -95.01698303222656, 43.08057403564453]
[162.1411895751953, -94.41181182861328, 43.08027648925781]
